  time (s)              T(t) (K)              P(t) (Pa)           Kinetic En. (n.u.)     Potential En. (n.u.) Total En. (n.u.)
  0.0000e+00           99.69033311            0.00000000        5261.81426762       -45644.50292982       -40382.68866220 
  5.0000e-15           98.86195589            0.00000000        5218.09120088       -45553.57920812       -40335.48800724 
  1.0000e-14           97.51930100            0.00000000        5147.22374102       -45404.53121405       -40257.30747302 
  1.5000e-14           95.68585634            0.00000000        5050.45161703       -45199.83240823       -40149.38079120 
  2.0000e-14           93.39180274            0.00000000        4929.36782140       -44942.89605451       -40013.52823311 
  2.5000e-14           90.68696508            0.00000000        4786.60218952       -44638.20014089       -39851.59795136 
  3.0000e-14           87.62381871            0.00000000        4624.92445409       -44291.23229558       -39666.30784149 
  3.5000e-14           84.26155640            0.00000000        4447.45890440       -43908.58570244       -39461.12679804 
  4.0000e-14           80.68160588            0.00000000        4258.50342469       -43498.02491832       -39239.52149362 
  4.5000e-14           76.96178784            0.00000000        4062.16551457       -43068.13760813       -39005.97209356 
  5.0000e-14           73.18658684            0.00000000        3862.90440410       -42628.64756545       -38765.74316135 
  5.5000e-14           69.46320477            0.00000000        3666.37837904       -42189.92948921       -38523.55111017 
  6.0000e-14           65.89345670            0.00000000        3477.96140101       -41762.76787722       -38284.80647622 
  6.5000e-14           62.57998702            0.00000000        3303.07120365       -41358.07398453       -38055.00278087 
  7.0000e-14           59.62687131            0.00000000        3147.20106147       -40986.15655181       -37838.95549033 
  7.5000e-14           57.12319233            0.00000000        3015.05290464       -40656.20490970       -37641.15200507 
  8.0000e-14           55.14799786            0.00000000        2910.79900010       -40376.18374819       -37465.38474809 
  8.5000e-14           53.74973278            0.00000000        2836.99634644       -40151.96410249       -37314.96775605 
  9.0000e-14           52.96043992            0.00000000        2795.33621454       -39987.48153457       -37192.14532003 
  9.5000e-14           52.80474731            0.00000000        2787.11851094       -39884.16474278       -37097.04623183 
  1.0000e-13           53.12865779            0.00000000        2804.21502110       -39841.26830187       -37037.05328077 
  1.0500e-13           54.03483947            0.00000000        2852.04473079       -39857.08427255       -37005.03954177 
  1.1000e-13           55.61484100            0.00000000        2935.43972355       -39925.72495511       -36990.28523156 
  1.1500e-13           57.68350977            0.00000000        3044.62734989       -40040.29154358       -36995.66419369 
  1.2000e-13           59.93952509            0.00000000        3163.70342485       -40193.91603565       -37030.21261080 
  1.2500e-13           62.52695828            0.00000000        3300.27226199       -40381.92503079       -37081.65276880 
  1.3000e-13           65.56982564            0.00000000        3460.87963895       -40592.82802306       -37131.94838412 
  1.3500e-13           68.78710809            0.00000000        3630.69292151       -40818.30293966       -37187.61001815 
  1.4000e-13           72.10539270            0.00000000        3805.83725842       -41050.53271771       -37244.69545929 
  1.4500e-13           75.45079738            0.00000000        3982.41303621       -41282.46763596       -37300.05459975 
  1.5000e-13           78.76254013            0.00000000        4157.21208331       -41507.94117089       -37350.72908757 
  1.5500e-13           81.99140032            0.00000000        4327.63645743       -41721.69191528       -37394.05545785 
  1.6000e-13           85.09993125            0.00000000        4491.70966180       -41919.64702323       -37427.93736143 
  1.6500e-13           88.05505846            0.00000000        4647.68597403       -42098.73767986       -37451.05170583 
  1.7000e-13           90.83401391            0.00000000        4794.36366017       -42257.00277158       -37462.63911141 
  1.7500e-13           93.43135434            0.00000000        4931.45541742       -42393.63355269       -37462.17813526 
  1.8000e-13           95.84445903            0.00000000        5058.82291931       -42508.63968331       -37449.81676400 
  1.8500e-13           98.07901373            0.00000000        5176.76626887       -42602.84488008       -37426.07861121 
  1.9000e-13          100.15417140            0.00000000        5286.29638976       -42677.94798489       -37391.65159513 
  1.9500e-13          102.08703222            0.00000000        5388.31585655       -42736.22576993       -37347.90991338 
  2.0000e-13          103.89831591            0.00000000        5483.91828944       -42780.45787578       -37296.53958633 
  2.0500e-13          105.61859386            0.00000000        5574.71729424       -42813.70806971       -37238.99077546 
  2.1000e-13          107.28416987            0.00000000        5662.62904438       -42839.18081862       -37176.55177423 
  2.1500e-13          108.91331501            0.00000000        5748.61791461       -42860.03162474       -37111.41371013 
  2.2000e-13          110.52921942            0.00000000        5833.90791850       -42879.30042011       -37045.39250160 
  2.2500e-13          112.16545092            0.00000000        5920.27081816       -42899.45000467       -36979.17918651 
  2.3000e-13          113.84213973            0.00000000        6008.76911930       -42922.66001307       -36913.89089377 
  2.3500e-13          115.56830176            0.00000000        6099.87869514       -42950.36297130       -36850.48427615 
  2.4000e-13          117.35127971            0.00000000        6193.98710581       -42983.82449230       -36789.83738648 
  2.4500e-13          119.20787437            0.00000000        6291.98112350       -43023.97256051       -36731.99143701 
  2.5000e-13          121.14299635            0.00000000        6394.11993800       -43071.48070836       -36677.36077036 
  2.5500e-13          123.15467125            0.00000000        6500.29933749       -43126.93976201       -36626.64042452 
  2.6000e-13          125.25152306            0.00000000        6610.97450949       -43191.22894807       -36580.25443858 
  2.6500e-13          127.44062892            0.00000000        6726.51899707       -43265.17420029       -36538.65520321 
  2.7000e-13          129.73257760            0.00000000        6847.49169241       -43349.81613895       -36502.32444654 
  2.7500e-13          132.12327047            0.00000000        6973.67626235       -43446.12446831       -36472.44820596 
  2.8000e-13          134.63677888            0.00000000        7106.34323251       -43554.89909287       -36448.55586035 
  2.8500e-13          137.28654555            0.00000000        7246.20213000       -43675.95269851       -36429.75056852 
  2.9000e-13          140.05021434            0.00000000        7392.07296191       -43808.76722092       -36416.69425901 
  2.9500e-13          142.90928949            0.00000000        7542.97949367       -43952.21378882       -36409.23429515 
  3.0000e-13          145.85311792            0.00000000        7698.35943863       -44105.09872578       -36406.73928715 
  3.0500e-13          148.87756466            0.00000000        7857.99454553       -44266.14652292       -36408.15197739 
  3.1000e-13          151.96757999            0.00000000        8021.09046713       -44434.02540694       -36412.93493981 
  3.1500e-13          155.12244694            0.00000000        8187.60936008       -44607.44331175       -36419.83395167 
  3.2000e-13          158.31691024            0.00000000        8356.21821159       -44784.92333226       -36428.70512067 
  3.2500e-13          161.53823779            0.00000000        8526.24500081       -44965.64549475       -36439.40049395 
  3.3000e-13          164.73131722            0.00000000        8694.78080962       -45148.67238799       -36453.89157836 
  3.3500e-13          167.94408601            0.00000000        8864.35585401       -45335.53112526       -36471.17527125 
  3.4000e-13          171.20587020            0.00000000        9036.51800920       -45523.31062032       -36486.79261113 
  3.4500e-13          174.46714286            0.00000000        9208.65316470       -45711.72718933       -36503.07402463 
  3.5000e-13          177.72266387    122832342.40816471        9380.48473932       -45900.50741663       -36520.02267730 
  3.5500e-13          180.97627025     83787674.83720163        9552.21525640       -46089.27731676       -36537.06206036 
  3.6000e-13          184.22611529            0.00000000        9723.74724442       -46278.10088835       -36554.35364393 
  3.6500e-13          187.47540716            0.00000000        9895.25003467       -46467.13392084       -36571.88388617 
  3.7000e-13          190.25430457            0.00000000       10041.92465800       -46656.53970971       -36614.61505171 
  3.7500e-13          193.03649058    104185921.63867790       10188.77285851       -46856.68583386       -36667.91297535 
  3.8000e-13          196.23261419            0.00000000       10357.46934387       -47056.73009959       -36699.26075573 
  3.8500e-13          199.41540240    161358995.32450402       10525.46196552       -47256.76214227       -36731.30017675 
  3.9000e-13          202.57366794     82662218.71370952       10692.16024185       -47456.05946469       -36763.89922284 
  3.9500e-13          205.70672671     67265714.48529278       10857.52806472       -47654.35300058       -36796.82493586 
  4.0000e-13          208.80736257    102506810.60625179       11021.18455466       -47850.58692473       -36829.40237007 
  4.0500e-13          211.86173732    184210328.35139805       11182.39930955       -48042.93064330       -36860.53133376 
  4.1000e-13          214.85096131    162569994.41688269       11340.17530414       -48229.95287213       -36889.77756799 
  4.1500e-13          217.75504199    161534319.65049675       11493.45729904       -48409.43458266       -36915.97728362 
  4.2000e-13          220.55580917    224116688.11599582       11641.28624364       -48579.13588011       -36937.84963647 
  4.2500e-13          223.22228679    242857019.21101347       11782.02717119       -48735.85630679       -36953.82913560 
  4.3000e-13          225.74495374    187839564.14428470       11915.17754360       -48878.09287082       -36962.91532722 
  4.3500e-13          228.11323600    262388458.66493779       12040.17924639       -49004.33153140       -36964.15228501 
  4.4000e-13          230.34438830     82639466.69115315       12157.94301161       -49115.91754660       -36957.97453500 
  4.4500e-13          232.36552548    249049221.96999016       12264.62184539       -49212.09929042       -36947.47744503 
  4.5000e-13          234.20273332    155608123.84536320       12361.59259568       -49291.02996615       -36929.43737047 
  4.5500e-13          235.93795340    353839681.19064039       12453.18027004       -49353.55882152       -36900.37855147 
  4.6000e-13          237.47072451    284165720.03801751       12534.08236603       -49398.71330994       -36864.63094391 
  4.6500e-13          238.82411665    249019304.69630936       12605.51655517       -49427.14735777       -36821.63080260 
  4.7000e-13          240.03082936    291340682.31329775       12669.20877043       -49437.35580608       -36768.14703566 
  4.7500e-13          241.07479189    210697494.40478316       12724.31077221       -49430.23388840       -36705.92311619 
  4.8000e-13          241.98766188    384914557.78295368       12772.49350141       -49408.94499977       -36636.45149836 
  4.8500e-13          242.83078807    190812558.61580569       12816.99504200       -49379.38329133       -36562.38824932 
  4.9000e-13          243.67835049    153764885.84500602       12861.73073409       -49349.16474735       -36487.43401326 
  4.9500e-13          244.56654699    315388563.57302916       12908.61115727       -49323.06741640       -36414.45625913 
  5.0000e-13          245.49206173    486208700.62534320       12957.46129674       -49299.71990369       -36342.25860695 
  5.0500e-13          246.41820806    227780134.81826457       13006.34477237       -49275.61066325       -36269.26589088 
  5.1000e-13          247.31121937    390977888.46878964       13053.47932926       -49247.46560763       -36193.98627837 
  5.1500e-13          248.23281999    303492792.16699499       13102.12287521       -49214.10649070       -36111.98361549 
  5.2000e-13          249.11250366    261436442.12772208       13148.55397737       -49173.79039281       -36025.23641544 
  5.2500e-13          249.89747965    357916660.15616965       13189.98625817       -49127.94101195       -35937.95475378 
  5.3000e-13          250.64793797            0.00000000       13229.59664154       -49077.62461728       -35848.02797573 
  5.3500e-13          251.26874053    345839699.83724129       13262.36358741       -49024.05876904       -35761.69518163 
  5.4000e-13          251.89417590    144821702.87944123       13295.37506068       -48972.45388216       -35677.07882148 
  5.4500e-13          252.64777515     62702988.83933048       13335.15122702       -48923.00789556       -35587.85666854 
  5.5000e-13          253.44961368    381236858.39346480       13377.47353947       -48878.34923704       -35500.87569756 
  5.5500e-13          254.31850268    414344105.02442336       13423.33488230       -48840.39109230       -35417.05621000 
  5.6000e-13          254.87276120    375443705.33638716       13452.58952822       -48803.70251668       -35351.11298846 
  5.6500e-13          255.46379673    491609496.43963480       13483.78532303       -48779.14092525       -35295.35560222 
  5.7000e-13          256.34041086    469870979.41268247       13530.05441035       -48755.14959683       -35225.09518648 
  5.7500e-13          257.19985143    301381513.28810793       13575.41705020       -48729.48641927       -35154.06936907 
  5.8000e-13          258.03811422     80690598.17955029       13619.66189257       -48701.47649585       -35081.81460327 
  5.8500e-13          258.86121063    139449509.73798689       13663.10622966       -48672.17464546       -35009.06841581 
  5.9000e-13          259.67433135    215799652.93030992       13706.02403402       -48642.30672118       -34936.28268716 
  5.9500e-13          260.49664990     96255883.36836298       13749.42731457       -48613.92814907       -34864.50083450 
  6.0000e-13          261.35040977    183543013.29481593       13794.49011749       -48588.72965553       -34794.23953804 
  6.0500e-13          262.24150479    226965864.66667116       13841.52352970       -48566.94156148       -34725.41803179 
  6.1000e-13          263.15726020    285422766.07482845       13889.85855593       -48548.45475866       -34658.59620273 
  6.1500e-13          264.09587663    747296621.12166953       13939.40022311       -48531.38427696       -34591.98405385 
  6.2000e-13          265.03688874    344645150.11030513       13989.06833840       -48510.57700599       -34521.50866760 
  6.2500e-13          265.91993884    372323843.87505448       14035.67712635       -48483.27544960       -34447.59832325 
  6.3000e-13          266.74201871    480004757.66487771       14079.06780921       -48451.28380466       -34372.21599545 
  6.3500e-13          267.46216744    430299231.77326173       14117.07840373       -48406.58038557       -34289.50198184 
  6.4000e-13          268.15861112    439057151.53374940       14153.83780845       -48357.94916232       -34204.11135387 
  6.4500e-13          268.84146997    685569261.37663770       14189.88018401       -48306.74998244       -34116.86979843 
  6.5000e-13          269.53114039    555991231.52601743       14226.28208515       -48254.03131200       -34027.74922685 
  6.5500e-13          270.18796471    291419215.50822347       14260.95031699       -48195.52266089       -33934.57234390 
  6.6000e-13          270.84715050     85474631.67153968       14295.74319124       -48136.85479306       -33841.11160182 
  6.6500e-13          271.51245604    283354120.01651984       14330.85907529       -48078.91324393       -33748.05416863 
  6.7000e-13          272.21536320    490760859.23056877       14367.95963250       -48023.19413278       -33655.23450028 
  6.7500e-13          272.94318543    560963250.16818571       14406.37524710       -47970.18171570       -33563.80646860 
  6.8000e-13          273.71507598    439359868.24406797       14447.11685735       -47921.10438651       -33473.98752915 
  6.8500e-13          274.54046169    381743793.35017633       14490.68202711       -47876.40769804       -33385.72567093 
  6.9000e-13          275.40695549    426629272.10045028       14536.41694775       -47836.19933083       -33299.78238308 
  6.9500e-13          276.30274552    484683882.88455158       14583.69816937       -47797.99010686       -33214.29193749 
  7.0000e-13          277.21510877    446370860.13443196       14631.85415221       -47759.81529126       -33127.96113905 
  7.0500e-13          278.12507015    337291036.99674278       14679.88336058       -47721.11203589       -33041.22867531 
  7.1000e-13          279.01432504    164377476.87431294       14726.81964759       -47680.87625994       -32954.05661235 
  7.1500e-13          279.90934542    187734898.17990991       14774.06024618       -47640.24249854       -32866.18225236 
  7.2000e-13          280.80495576    289522366.90617740       14821.33198356       -47598.92337065       -32777.59138709 
  7.2500e-13          281.69516647    404743446.50287330       14868.31871990       -47556.00554502       -32687.68682512 
  7.3000e-13          282.58590874    350614839.99060464       14915.33351328       -47512.55748104       -32597.22396776 
  7.3500e-13          283.50515434    274838885.08129001       14963.85275726       -47471.71838778       -32507.86563052 
  7.4000e-13          284.42442535    226856581.70822242       15012.37334260       -47429.70225355       -32417.32891095 
  7.4500e-13          285.33911797    323442286.74130845       15060.65227313       -47388.32392977       -32327.67165665 
  7.5000e-13          286.28107427    379160036.49908316       15110.37022409       -47350.67610906       -32240.30588497 
  7.5500e-13          287.28247886    455110310.55110449       15163.22595080       -47318.14771059       -32154.92175978 
  7.6000e-13          288.30053526    380266165.10073400       15216.96058580       -47286.77015260       -32069.80956680 
  7.6500e-13          289.33359852    326485194.12084728       15271.48730699       -47256.86973914       -31985.38243215 
  7.7000e-13          290.38041222    271318186.15119505       15326.73979817       -47228.57904168       -31901.83924351 
  7.7500e-13          291.46985830    491702843.21888399       15384.24249453       -47204.27770956       -31820.03521503 
  7.8000e-13          292.59012664    358929528.68236691       15443.37203838       -47182.33608694       -31738.96404857 
  7.8500e-13          293.75009322    498358994.89247310       15504.59691871       -47163.24962600       -31658.65270729 
  7.9000e-13          294.88385433    202226167.91982049       15564.43863264       -47139.36404601       -31574.92541337 
  7.9500e-13          296.02776203    244123572.70244601       15624.81589920       -47113.75986821       -31488.94396901 
  8.0000e-13          297.15018275    222107399.88539949       15684.05904935       -47083.29289478       -31399.23384543 
  8.0500e-13          298.23662947    113964063.85478352       15741.40343470       -47045.88420761       -31304.48077291 
  8.1000e-13          299.27427888    588803529.46353459       15796.17221978       -47000.72991773       -31204.55769794 
  8.1500e-13          300.21604540    436198868.14944410       15845.88015396       -46943.58441436       -31097.70426040 
  8.2000e-13          301.06736547    218399567.55933458       15890.81418060       -46875.68861274       -30984.87443213 
  8.2500e-13          301.91120359    601178557.26070833       15935.35329855       -46805.71752988       -30870.36423133 
  8.3000e-13          302.66583366    607821802.06398559       15975.18387314       -46727.42027033       -30752.23639719 
  8.3500e-13          303.39401056    381216988.12312227       16013.61820733       -46647.41649556       -30633.79828822 
  8.4000e-13          304.12912850    298690449.37310421       16052.41890122       -46569.29898175       -30516.88008053 
  8.4500e-13          304.85620347    341495462.05744958       16090.79507385       -46491.44480746       -30400.64973361 
  8.5000e-13          305.59219221    568178453.57019043       16129.64172989       -46413.07211384       -30283.43038395 
  8.5500e-13          306.17179164    384592845.38165843       16160.23390875       -46330.06328285       -30169.82937410 
  8.6000e-13          306.79710609    297833896.20741409       16193.23899996       -46253.59001721       -30060.35101725 
  8.6500e-13          307.59038557    322540228.95098239       16235.10955201       -46184.57686393       -29949.46731193 
  8.7000e-13          308.45029483    273310341.56860292       16280.49692987       -46123.99344237       -29843.49651250 
  8.7500e-13          309.33580461    299218933.14900190       16327.23554364       -46066.50829904       -29739.27275540 
  8.8000e-13          310.29767430    106694044.15798861       16378.00455490       -46018.55107039       -29640.54651550 
  8.8500e-13          311.32244645    103747919.62453862       16432.09365840       -45978.97334125       -29546.87968285 
  8.9000e-13          312.39131018    200352953.03948453       16488.50998526       -45944.67892914       -29456.16894388 
  8.9500e-13          313.48324490    393011718.12551790       16546.14403566       -45914.59738203       -29368.45334637 
  9.0000e-13          314.55574378    302698775.25568104       16602.75223169       -45883.73897547       -29280.98674378 
  9.0500e-13          315.63238445    414852236.25430495       16659.57903786       -45853.18128120       -29193.60224334 
  9.1000e-13          316.61989093    276659532.88169408       16711.70119991       -45814.49367866       -29102.79247874 
  9.1500e-13          317.60278742    159640545.99957827       16763.58003919       -45776.63395925       -29013.05392006 
  9.2000e-13          318.58316921    282403777.70606357       16815.32614867       -45738.09919170       -28922.77304302 
  9.2500e-13          319.50043587    449838310.07355952       16863.74094108       -45691.77434862       -28828.03340754 
  9.3000e-13          320.41198522    489285801.86906165       16911.85396496       -45642.70099705       -28730.84703209 
  9.3500e-13          321.24597198    460832212.58904922       16955.87311222       -45583.68157136       -28627.80845914 
  9.4000e-13          322.10525449    379882505.68484658       17001.22740919       -45526.61690255       -28525.38949336 
  9.4500e-13          322.95121368    594049928.26172066       17045.87847970       -45467.24685267       -28421.36837297 
  9.5000e-13          323.82886823    189145601.26988253       17092.20248221       -45408.64439613       -28316.44191392 
  9.5500e-13          324.78481712    598494738.52672482       17142.65898461       -45355.20130033       -28212.54231572 
  9.6000e-13          325.78665268    322900960.34075904       17195.53745826       -45304.78949988       -28109.25204162 
  9.6500e-13          326.85725085    272898646.65709478       17252.04533141       -45259.00436879       -28006.95903738 
  9.7000e-13          327.99460381    404715793.57811499       17312.07662859       -45217.90768997       -27905.83106138 
  9.7500e-13          329.11660860    245686680.47942796       17371.29782564       -45173.30753439       -27802.00970876 
  9.8000e-13          330.24641805    505332639.14807981       17430.93096418       -45127.36291591       -27696.43195174 
  9.8500e-13          331.30152513    478837228.03053385       17486.62119365       -45070.95112544       -27584.32993180 
  9.9000e-13          332.29358262    221436809.28444812       17538.98356486       -45005.52051322       -27466.53694835 
  9.9500e-13          333.23277560    158243114.84855118       17588.55566324       -44930.39134885       -27341.83568561 
  1.0000e-12          334.14870171    281571397.12521374       17636.89969980       -44847.54674964       -27210.64704984 
